Features used: [60] with accuracy: 85.3%
Features used: [60, 5] with accuracy: 97.3%
Features used: [60, 5, 51] with accuracy: 97.1%
Features used: [60, 5, 51, 55] with accuracy: 94.6%
Features used: [60, 5, 51, 55, 7] with accuracy: 91.7%
Features used: [60, 5, 51, 55, 7, 21] with accuracy: 88.9%
Features used: [60, 5, 51, 55, 7, 21, 38] with accuracy: 86.6%
Features used: [60, 5, 51, 55, 7, 21, 38, 56] with accuracy: 84.6%
Features used: [60, 5, 51, 55, 7, 21, 38, 56, 12] with accuracy: 83.0%
Features used: [60, 5, 51, 55, 7, 21, 38, 56, 12, 33] with accuracy: 81.2%
Features used: [60, 5, 51, 55, 7, 21, 38, 56, 12, 33, 57] with accuracy: 80.0%
Features used: [60, 5, 51, 55, 7, 21, 38, 56, 12, 33, 57, 36] with accuracy: 79.4%
Features used: [60, 5, 51, 55, 7, 21, 38, 56, 12, 33, 57, 36, 27] with accuracy: 78.6%
Features used: [60, 5, 51, 55, 7, 21, 38, 56, 12, 33, 57, 36, 27, 9] with accuracy: 78.0%
Features used: [60, 5, 51, 55, 7, 21, 38, 56, 12, 33, 57, 36, 27, 9, 41] with accuracy: 77.4%
Features used: [60, 5, 51, 55, 7, 21, 38, 56, 12, 33, 57, 36, 27, 9, 41, 39] with accuracy: 76.6%
Features used: [60, 5, 51, 55, 7, 21, 38, 56, 12, 33, 57, 36, 27, 9, 41, 39, 54] with accuracy: 76.8%
Features used: [60, 5, 51, 55, 7, 21, 38, 56, 12, 33, 57, 36, 27, 9, 41, 39, 54, 37] with accuracy: 76.6%
Features used: [60, 5, 51, 55, 7, 21, 38, 56, 12, 33, 57, 36, 27, 9, 41, 39, 54, 37, 42] with accuracy: 76.6%
Features used: [60, 5, 51, 55, 7, 21, 38, 56, 12, 33, 57, 36, 27, 9, 41, 39, 54, 37, 42, 45] with accuracy: 76.5%
Features used: [60, 5, 51, 55, 7, 21, 38, 56, 12, 33, 57, 36, 27, 9, 41, 39, 54, 37, 42, 45, 44] with accuracy: 75.8%
Features used: [60, 5, 51, 55, 7, 21, 38, 56, 12, 33, 57, 36, 27, 9, 41, 39, 54, 37, 42, 45, 44, 15] with accuracy: 75.6%
Features used: [60, 5, 51, 55, 7, 21, 38, 56, 12, 33, 57, 36, 27, 9, 41, 39, 54, 37, 42, 45, 44, 15, 3] with accuracy: 75.5%
Features used: [60, 5, 51, 55, 7, 21, 38, 56, 12, 33, 57, 36, 27, 9, 41, 39, 54, 37, 42, 45, 44, 15, 3, 61] with accuracy: 75.1%
Features used: [60, 5, 51, 55, 7, 21, 38, 56, 12, 33, 57, 36, 27, 9, 41, 39, 54, 37, 42, 45, 44, 15, 3, 61, 30] with accuracy: 74.7%
Features used: [60, 5, 51, 55, 7, 21, 38, 56, 12, 33, 57, 36, 27, 9, 41, 39, 54, 37, 42, 45, 44, 15, 3, 61, 30, 20] with accuracy: 74.6%
Features used: [60, 5, 51, 55, 7, 21, 38, 56, 12, 33, 57, 36, 27, 9, 41, 39, 54, 37, 42, 45, 44, 15, 3, 61, 30, 20, 26] with accuracy: 74.5%
Features used: [60, 5, 51, 55, 7, 21, 38, 56, 12, 33, 57, 36, 27, 9, 41, 39, 54, 37, 42, 45, 44, 15, 3, 61, 30, 20, 26, 28] with accuracy: 74.2%
Features used: [60, 5, 51, 55, 7, 21, 38, 56, 12, 33, 57, 36, 27, 9, 41, 39, 54, 37, 42, 45, 44, 15, 3, 61, 30, 20, 26, 28, 63] with accuracy: 73.9%
Features used: [60, 5, 51, 55, 7, 21, 38, 56, 12, 33, 57, 36, 27, 9, 41, 39, 54, 37, 42, 45, 44, 15, 3, 61, 30, 20, 26, 28, 63, 11] with accuracy: 74.0%
Features used: [60, 5, 51, 55, 7, 21, 38, 56, 12, 33, 57, 36, 27, 9, 41, 39, 54, 37, 42, 45, 44, 15, 3, 61, 30, 20, 26, 28, 63, 11, 22] with accuracy: 74.4%
Features used: [60, 5, 51, 55, 7, 21, 38, 56, 12, 33, 57, 36, 27, 9, 41, 39, 54, 37, 42, 45, 44, 15, 3, 61, 30, 20, 26, 28, 63, 11, 22, 32] with accuracy: 74.0%
Features used: [60, 5, 51, 55, 7, 21, 38, 56, 12, 33, 57, 36, 27, 9, 41, 39, 54, 37, 42, 45, 44, 15, 3, 61, 30, 20, 26, 28, 63, 11, 22, 32, 50] with accuracy: 74.0%
Features used: [60, 5, 51, 55, 7, 21, 38, 56, 12, 33, 57, 36, 27, 9, 41, 39, 54, 37, 42, 45, 44, 15, 3, 61, 30, 20, 26, 28, 63, 11, 22, 32, 50, 17] with accuracy: 73.8%
Features used: [60, 5, 51, 55, 7, 21, 38, 56, 12, 33, 57, 36, 27, 9, 41, 39, 54, 37, 42, 45, 44, 15, 3, 61, 30, 20, 26, 28, 63, 11, 22, 32, 50, 17, 2] with accuracy: 73.6%
Features used: [60, 5, 51, 55, 7, 21, 38, 56, 12, 33, 57, 36, 27, 9, 41, 39, 54, 37, 42, 45, 44, 15, 3, 61, 30, 20, 26, 28, 63, 11, 22, 32, 50, 17, 2, 6] with accuracy: 73.4%
Features used: [60, 5, 51, 55, 7, 21, 38, 56, 12, 33, 57, 36, 27, 9, 41, 39, 54, 37, 42, 45, 44, 15, 3, 61, 30, 20, 26, 28, 63, 11, 22, 32, 50, 17, 2, 6, 35] with accuracy: 72.9%
Features used: [60, 5, 51, 55, 7, 21, 38, 56, 12, 33, 57, 36, 27, 9, 41, 39, 54, 37, 42, 45, 44, 15, 3, 61, 30, 20, 26, 28, 63, 11, 22, 32, 50, 17, 2, 6, 35, 1] with accuracy: 73.1%
Features used: [60, 5, 51, 55, 7, 21, 38, 56, 12, 33, 57, 36, 27, 9, 41, 39, 54, 37, 42, 45, 44, 15, 3, 61, 30, 20, 26, 28, 63, 11, 22, 32, 50, 17, 2, 6, 35, 1, 52] with accuracy: 73.3%
Features used: [60, 5, 51, 55, 7, 21, 38, 56, 12, 33, 57, 36, 27, 9, 41, 39, 54, 37, 42, 45, 44, 15, 3, 61, 30, 20, 26, 28, 63, 11, 22, 32, 50, 17, 2, 6, 35, 1, 52, 4] with accuracy: 72.9%
Features used: [60, 5, 51, 55, 7, 21, 38, 56, 12, 33, 57, 36, 27, 9, 41, 39, 54, 37, 42, 45, 44, 15, 3, 61, 30, 20, 26, 28, 63, 11, 22, 32, 50, 17, 2, 6, 35, 1, 52, 4, 23] with accuracy: 73.0%
Features used: [60, 5, 51, 55, 7, 21, 38, 56, 12, 33, 57, 36, 27, 9, 41, 39, 54, 37, 42, 45, 44, 15, 3, 61, 30, 20, 26, 28, 63, 11, 22, 32, 50, 17, 2, 6, 35, 1, 52, 4, 23, 49] with accuracy: 72.6%
Features used: [60, 5, 51, 55, 7, 21, 38, 56, 12, 33, 57, 36, 27, 9, 41, 39, 54, 37, 42, 45, 44, 15, 3, 61, 30, 20, 26, 28, 63, 11, 22, 32, 50, 17, 2, 6, 35, 1, 52, 4, 23, 49, 13] with accuracy: 72.3%
Features used: [60, 5, 51, 55, 7, 21, 38, 56, 12, 33, 57, 36, 27, 9, 41, 39, 54, 37, 42, 45, 44, 15, 3, 61, 30, 20, 26, 28, 63, 11, 22, 32, 50, 17, 2, 6, 35, 1, 52, 4, 23, 49, 13, 53] with accuracy: 72.5%
Features used: [60, 5, 51, 55, 7, 21, 38, 56, 12, 33, 57, 36, 27, 9, 41, 39, 54, 37, 42, 45, 44, 15, 3, 61, 30, 20, 26, 28, 63, 11, 22, 32, 50, 17, 2, 6, 35, 1, 52, 4, 23, 49, 13, 53, 10] with accuracy: 72.5%
Features used: [60, 5, 51, 55, 7, 21, 38, 56, 12, 33, 57, 36, 27, 9, 41, 39, 54, 37, 42, 45, 44, 15, 3, 61, 30, 20, 26, 28, 63, 11, 22, 32, 50, 17, 2, 6, 35, 1, 52, 4, 23, 49, 13, 53, 10, 64] with accuracy: 71.8%
Features used: [60, 5, 51, 55, 7, 21, 38, 56, 12, 33, 57, 36, 27, 9, 41, 39, 54, 37, 42, 45, 44, 15, 3, 61, 30, 20, 26, 28, 63, 11, 22, 32, 50, 17, 2, 6, 35, 1, 52, 4, 23, 49, 13, 53, 10, 64, 43] with accuracy: 71.7%
Features used: [60, 5, 51, 55, 7, 21, 38, 56, 12, 33, 57, 36, 27, 9, 41, 39, 54, 37, 42, 45, 44, 15, 3, 61, 30, 20, 26, 28, 63, 11, 22, 32, 50, 17, 2, 6, 35, 1, 52, 4, 23, 49, 13, 53, 10, 64, 43, 59] with accuracy: 72.1%
Features used: [60, 5, 51, 55, 7, 21, 38, 56, 12, 33, 57, 36, 27, 9, 41, 39, 54, 37, 42, 45, 44, 15, 3, 61, 30, 20, 26, 28, 63, 11, 22, 32, 50, 17, 2, 6, 35, 1, 52, 4, 23, 49, 13, 53, 10, 64, 43, 59, 62] with accuracy: 72.2%
Features used: [60, 5, 51, 55, 7, 21, 38, 56, 12, 33, 57, 36, 27, 9, 41, 39, 54, 37, 42, 45, 44, 15, 3, 61, 30, 20, 26, 28, 63, 11, 22, 32, 50, 17, 2, 6, 35, 1, 52, 4, 23, 49, 13, 53, 10, 64, 43, 59, 62, 16] with accuracy: 72.1%
Features used: [60, 5, 51, 55, 7, 21, 38, 56, 12, 33, 57, 36, 27, 9, 41, 39, 54, 37, 42, 45, 44, 15, 3, 61, 30, 20, 26, 28, 63, 11, 22, 32, 50, 17, 2, 6, 35, 1, 52, 4, 23, 49, 13, 53, 10, 64, 43, 59, 62, 16, 19] with accuracy: 71.9%
Features used: [60, 5, 51, 55, 7, 21, 38, 56, 12, 33, 57, 36, 27, 9, 41, 39, 54, 37, 42, 45, 44, 15, 3, 61, 30, 20, 26, 28, 63, 11, 22, 32, 50, 17, 2, 6, 35, 1, 52, 4, 23, 49, 13, 53, 10, 64, 43, 59, 62, 16, 19, 58] with accuracy: 72.0%
Features used: [60, 5, 51, 55, 7, 21, 38, 56, 12, 33, 57, 36, 27, 9, 41, 39, 54, 37, 42, 45, 44, 15, 3, 61, 30, 20, 26, 28, 63, 11, 22, 32, 50, 17, 2, 6, 35, 1, 52, 4, 23, 49, 13, 53, 10, 64, 43, 59, 62, 16, 19, 58, 24] with accuracy: 71.7%
Features used: [60, 5, 51, 55, 7, 21, 38, 56, 12, 33, 57, 36, 27, 9, 41, 39, 54, 37, 42, 45, 44, 15, 3, 61, 30, 20, 26, 28, 63, 11, 22, 32, 50, 17, 2, 6, 35, 1, 52, 4, 23, 49, 13, 53, 10, 64, 43, 59, 62, 16, 19, 58, 24, 14] with accuracy: 71.6%
Features used: [60, 5, 51, 55, 7, 21, 38, 56, 12, 33, 57, 36, 27, 9, 41, 39, 54, 37, 42, 45, 44, 15, 3, 61, 30, 20, 26, 28, 63, 11, 22, 32, 50, 17, 2, 6, 35, 1, 52, 4, 23, 49, 13, 53, 10, 64, 43, 59, 62, 16, 19, 58, 24, 14, 25] with accuracy: 71.1%
Features used: [60, 5, 51, 55, 7, 21, 38, 56, 12, 33, 57, 36, 27, 9, 41, 39, 54, 37, 42, 45, 44, 15, 3, 61, 30, 20, 26, 28, 63, 11, 22, 32, 50, 17, 2, 6, 35, 1, 52, 4, 23, 49, 13, 53, 10, 64, 43, 59, 62, 16, 19, 58, 24, 14, 25, 34] with accuracy: 71.0%
Features used: [60, 5, 51, 55, 7, 21, 38, 56, 12, 33, 57, 36, 27, 9, 41, 39, 54, 37, 42, 45, 44, 15, 3, 61, 30, 20, 26, 28, 63, 11, 22, 32, 50, 17, 2, 6, 35, 1, 52, 4, 23, 49, 13, 53, 10, 64, 43, 59, 62, 16, 19, 58, 24, 14, 25, 34, 29] with accuracy: 70.5%
Features used: [60, 5, 51, 55, 7, 21, 38, 56, 12, 33, 57, 36, 27, 9, 41, 39, 54, 37, 42, 45, 44, 15, 3, 61, 30, 20, 26, 28, 63, 11, 22, 32, 50, 17, 2, 6, 35, 1, 52, 4, 23, 49, 13, 53, 10, 64, 43, 59, 62, 16, 19, 58, 24, 14, 25, 34, 29, 31] with accuracy: 70.9%
Features used: [60, 5, 51, 55, 7, 21, 38, 56, 12, 33, 57, 36, 27, 9, 41, 39, 54, 37, 42, 45, 44, 15, 3, 61, 30, 20, 26, 28, 63, 11, 22, 32, 50, 17, 2, 6, 35, 1, 52, 4, 23, 49, 13, 53, 10, 64, 43, 59, 62, 16, 19, 58, 24, 14, 25, 34, 29, 31, 47] with accuracy: 70.8%
Features used: [60, 5, 51, 55, 7, 21, 38, 56, 12, 33, 57, 36, 27, 9, 41, 39, 54, 37, 42, 45, 44, 15, 3, 61, 30, 20, 26, 28, 63, 11, 22, 32, 50, 17, 2, 6, 35, 1, 52, 4, 23, 49, 13, 53, 10, 64, 43, 59, 62, 16, 19, 58, 24, 14, 25, 34, 29, 31, 47, 46] with accuracy: 70.3%
Features used: [60, 5, 51, 55, 7, 21, 38, 56, 12, 33, 57, 36, 27, 9, 41, 39, 54, 37, 42, 45, 44, 15, 3, 61, 30, 20, 26, 28, 63, 11, 22, 32, 50, 17, 2, 6, 35, 1, 52, 4, 23, 49, 13, 53, 10, 64, 43, 59, 62, 16, 19, 58, 24, 14, 25, 34, 29, 31, 47, 46, 18] with accuracy: 70.2%
Features used: [60, 5, 51, 55, 7, 21, 38, 56, 12, 33, 57, 36, 27, 9, 41, 39, 54, 37, 42, 45, 44, 15, 3, 61, 30, 20, 26, 28, 63, 11, 22, 32, 50, 17, 2, 6, 35, 1, 52, 4, 23, 49, 13, 53, 10, 64, 43, 59, 62, 16, 19, 58, 24, 14, 25, 34, 29, 31, 47, 46, 18, 40] with accuracy: 69.5%
Features used: [60, 5, 51, 55, 7, 21, 38, 56, 12, 33, 57, 36, 27, 9, 41, 39, 54, 37, 42, 45, 44, 15, 3, 61, 30, 20, 26, 28, 63, 11, 22, 32, 50, 17, 2, 6, 35, 1, 52, 4, 23, 49, 13, 53, 10, 64, 43, 59, 62, 16, 19, 58, 24, 14, 25, 34, 29, 31, 47, 46, 18, 40, 8] with accuracy: 68.8%
Features used: [60, 5, 51, 55, 7, 21, 38, 56, 12, 33, 57, 36, 27, 9, 41, 39, 54, 37, 42, 45, 44, 15, 3, 61, 30, 20, 26, 28, 63, 11, 22, 32, 50, 17, 2, 6, 35, 1, 52, 4, 23, 49, 13, 53, 10, 64, 43, 59, 62, 16, 19, 58, 24, 14, 25, 34, 29, 31, 47, 46, 18, 40, 8, 48] with accuracy: 68.4%
All features: [1, 2, 3, 4, 5, 6, 7, 8, 9, 10, 11, 12, 13, 14, 15, 16, 17, 18, 19, 20, 21, 22, 23, 24, 25, 26, 27, 28, 29, 30, 31, 32, 33, 34, 35, 36, 37, 38, 39, 40, 41, 42, 43, 44, 45, 46, 47, 48, 49, 50, 51, 52, 53, 54, 55, 56, 57, 58, 59, 60, 61, 62, 63, 64] with accuracy: 68.4%
Features used: [10] with accuracy: 82.0%
Features used: [10, 8] with accuracy: 95.8%
Features used: [10, 8, 4] with accuracy: 94.8%
Features used: [10, 8, 4, 6] with accuracy: 91.8%
Features used: [10, 8, 4, 6, 11] with accuracy: 88.0%
Features used: [10, 8, 4, 6, 11, 16] with accuracy: 85.8%
Features used: [10, 8, 4, 6, 11, 16, 3] with accuracy: 83.8%
Features used: [10, 8, 4, 6, 11, 16, 3, 2] with accuracy: 82.6%
Features used: [10, 8, 4, 6, 11, 16, 3, 2, 13] with accuracy: 81.8%
Features used: [10, 8, 4, 6, 11, 16, 3, 2, 13, 9] with accuracy: 81.0%
Features used: [10, 8, 4, 6, 11, 16, 3, 2, 13, 9, 5] with accuracy: 79.8%
Features used: [10, 8, 4, 6, 11, 16, 3, 2, 13, 9, 5, 12] with accuracy: 79.4%
Features used: [10, 8, 4, 6, 11, 16, 3, 2, 13, 9, 5, 12, 14] with accuracy: 78.8%
Features used: [10, 8, 4, 6, 11, 16, 3, 2, 13, 9, 5, 12, 14, 7] with accuracy: 76.0%
Features used: [10, 8, 4, 6, 11, 16, 3, 2, 13, 9, 5, 12, 14, 7, 15] with accuracy: 75.6%
Features used: [10, 8, 4, 6, 11, 16, 3, 2, 13, 9, 5, 12, 14, 7, 15, 1] with accuracy: 75.6%
All features: [1, 2, 3, 4, 5, 6, 7, 8, 9, 10, 11, 12, 13, 14, 15, 16] with accuracy: 75.6%
Features used: [10] with accuracy: 82.6%
Features used: [10, 2] with accuracy: 97.1%
Features used: [10, 2, 8] with accuracy: 96.0%
Features used: [10, 2, 8, 12] with accuracy: 91.5%
Features used: [10, 2, 8, 12, 9] with accuracy: 88.3%
Features used: [10, 2, 8, 12, 9, 6] with accuracy: 85.2%
Features used: [10, 2, 8, 12, 9, 6, 5] with accuracy: 83.4%
Features used: [10, 2, 8, 12, 9, 6, 5, 4] with accuracy: 80.3%
Features used: [10, 2, 8, 12, 9, 6, 5, 4, 7] with accuracy: 77.5%
Features used: [10, 2, 8, 12, 9, 6, 5, 4, 7, 1] with accuracy: 75.9%
Features used: [10, 2, 8, 12, 9, 6, 5, 4, 7, 1, 3] with accuracy: 74.2%
Features used: [10, 2, 8, 12, 9, 6, 5, 4, 7, 1, 3, 11] with accuracy: 71.6%
All features: [1, 2, 3, 4, 5, 6, 7, 8, 9, 10, 11, 12] with accuracy: 71.6%
Features used: [10] with accuracy: 82.0%
Features used: [10, 8] with accuracy: 95.8%
Features used: [10, 8, 4] with accuracy: 94.8%
Features used: [10, 8, 4, 6] with accuracy: 91.8%
Features used: [10, 8, 4, 6, 11] with accuracy: 88.0%
Features used: [10, 8, 4, 6, 11, 16] with accuracy: 85.8%
Features used: [10, 8, 4, 6, 11, 16, 3] with accuracy: 83.8%
Features used: [10, 8, 4, 6, 11, 16, 3, 2] with accuracy: 82.6%
Features used: [10, 8, 4, 6, 11, 16, 3, 2, 13] with accuracy: 81.8%
Features used: [10, 8, 4, 6, 11, 16, 3, 2, 13, 9] with accuracy: 81.0%
Features used: [10, 8, 4, 6, 11, 16, 3, 2, 13, 9, 5] with accuracy: 79.8%
Features used: [10, 8, 4, 6, 11, 16, 3, 2, 13, 9, 5, 12] with accuracy: 79.4%
Features used: [10, 8, 4, 6, 11, 16, 3, 2, 13, 9, 5, 12, 14] with accuracy: 78.8%
Features used: [10, 8, 4, 6, 11, 16, 3, 2, 13, 9, 5, 12, 14, 7] with accuracy: 76.0%
Features used: [10, 8, 4, 6, 11, 16, 3, 2, 13, 9, 5, 12, 14, 7, 15] with accuracy: 75.6%
Features used: [10, 8, 4, 6, 11, 16, 3, 2, 13, 9, 5, 12, 14, 7, 15, 1] with accuracy: 75.6%
All features: [1, 2, 3, 4, 5, 6, 7, 8, 9, 10, 11, 12, 13, 14, 15, 16] with accuracy: 75.6%
